sigma_v=[0.2636 0.2625 0.4012 0.2842 0.4660];
nu_v = [0.0387 0.0355 0.0394 0.0017 0.0933];
theta_v = [-0.5185 -0.8288 -1.2344 -2.6984 -1.1459];
S0_v=[204.47 144.96 113.47 144.85 120.51];
r_n=0.0273;
K_v = [204,140,110,150,125];% one at-the-money, two in the money, two out of money 

TA=1;TL=1;nA=12;nL=12;